specno	time	lat	long	relaz	sza	no2zendscd	no2offdscd	o4zen	o4off	rmszen	amf120	amf180	sig120	sig180	RAMF	RGA	VCBira	VCWagAMF	VCWagGA	errTot
5 	1.329056e+01 	5.078809e+01 	4.331728e+00 	1.918945e+01 	5.314254e+01 	-9418200000000000 	-4846555361654761 	-3.342100e+41 	5.610711e+42 	4.180500e-04 	2.169327e+00 	1.394725e+00 	5.870644e-02 	1.351243e-01 	14277651774539408 	13436079272569776 	3263985914695674 	3.484164e+15 	4017879272569776 	6.548079e+14 
6 	1.329917e+01 	5.078734e+01 	4.328197e+00 	3.929908e+01 	5.318531e+01 	-7881100000000000 	-4923272148191395 	-2.769000e+41 	5.439755e+42 	4.098700e-04 	2.283698e+00 	1.395183e+00 	8.872716e-02 	1.352780e-01 	14253147880335928 	13408328920376848 	4.374251e+15 	4567177582191171 	5527228920376848 	6.479782e+14 
7 	1.330778e+01 	5.078662e+01 	4.324714e+00 	3.953692e+01 	5.322688e+01 	-8589500000000000 	-5417688562238582 	-3.867200e+41 	5.421553e+42 	4.250100e-04 	2.285679e+00 	1.395628e+00 	8.928803e-02 	1.354274e-01 	14228643986132456 	13380578568183920 	3.888692e+15 	4.040579e+15 	4791078568183920 	6.641963e+14 
8 	1.331639e+01 	5.078589e+01 	4.321156e+00 	3.940033e+01 	5.326861e+01 	-8475700000000000 	-5206484051441585 	-3.008300e+41 	5.115428e+42 	4.203700e-04 	2.284959e+00 	1.396074e+00 	8.911583e-02 	1.355774e-01 	14204140091928976 	13352828215991000 	4083922541925887 	4.103249e+15 	4877128215991000 	6.673459e+14 
9 	1.332500e+01 	5.078550e+01 	4.319174e+00 	4.044167e+01 	5.331081e+01 	-7914300000000000 	-5682293347143623 	-4.880500e+40 	5.488350e+42 	4.337400e-04 	2.292745e+00 	1.396526e+00 	9.125213e-02 	1.357291e-01 	14179636197725496 	13325077863798072 	4.442106e+15 	4486373755790840 	5410777863798072 	6.826305e+14 
10 	1.333361e+01 	5.078548e+01 	4.318410e+00 	5.405915e+01 	5.335491e+01 	-9514000000000000 	-3.234411e+15 	-4.642900e+41 	1.273429e+43 	4.157000e-04 	2.391349e+00 	1.396998e+00 	1.180288e-01 	1.358875e-01 	14155132303522016 	13297327511605144 	3.231479e+15 	3322219439687897 	3783327511605144 	6.681567e+14 
11 	1.334222e+01 	5.078725e+01 	4.317339e+00 	1.261729e+02 	5.340070e+01 	-8652900000000000 	-3524739125061381 	-8.998600e+40 	1.094529e+43 	4.005700e-04 	2.752649e+00 	1.397487e+00 	2.216352e-01 	1.360521e-01 	14130628409318536 	13269577159412216 	3787333450667277 	3.919698e+15 	4616677159412216 	6.501390e+14 
12 	1.335083e+01 	5.078776e+01 	4.316258e+00 	9.373082e+01 	5.344560e+01 	-9177400000000000 	-2.988394e+15 	-2.079800e+41 	1.128542e+43 	4.156100e-04 	3.043965e+00 	1.397968e+00 	3.038159e-01 	1.362135e-01 	14106124515115056 	13241826807219288 	3360260681682818 	3525634865545749 	4064426807219288 	6.693152e+14 
13 	1.335944e+01 	5.078805e+01 	4.315310e+00 	8.258208e+01 	5.348906e+01 	-7743400000000000 	-2729094587086957 	3.216300e+40 	1.148710e+43 	4.269900e-04 	2.926921e+00 	1.398433e+00 	2.703876e-01 	1.363697e-01 	14081620620911576 	13214076455026360 	4376940957942338 	4532373721717129 	5470676455026360 	6.805985e+14 
14 	1.336806e+01 	5.078988e+01 	4.310999e+00 	9.047353e+01 	5.353397e+01 	-8157500000000000 	-4.331876e+15 	1.023200e+41 	1.097429e+43 	4.191300e-04 	3.084084e+00 	1.398913e+00 	3.153569e-01 	1.365311e-01 	14057113881057864 	13186322880170304 	4.104191e+15 	4.217283e+15 	5028822880170304 	6.770392e+14 
15 	1.337667e+01 	5.079150e+01 	4.308127e+00 	9.831908e+01 	5.358032e+01 	-9397200000000000 	-3847287344255913 	2.518400e+41 	1.140294e+43 	4.169200e-04 	2.993364e+00 	1.399409e+00 	2.896835e-01 	1.366977e-01 	14032609986854384 	13158572527977376 	3239101949686020 	3.312404e+15 	3761372527977376 	6.850226e+14 
16 	1.338528e+01 	5.079175e+01 	4.307671e+00 	9.654507e+01 	5.362570e+01 	-8864600000000000 	-4132179317549326 	8.799300e+40 	1.272548e+43 	4.245200e-04 	3.015121e+00 	1.399895e+00 	2.959352e-01 	1.368608e-01 	14008106092650904 	13130822175784456 	3684241764488246 	3.674208e+15 	4266222175784456 	6.937165e+14 
17 	1.339389e+01 	5.079186e+01 	4.307572e+00 	1.175818e+02 	5.367115e+01 	-9905500000000000 	-4.463938e+15 	-2.188300e+41 	1.279296e+43 	4.139000e-04 	2.768490e+00 	1.400381e+00 	2.258563e-01 	1.370241e-01 	13983602198447424 	13103071823591528 	2860941564654078 	2.912137e+15 	3197571823591528 	6.942468e+14 
18 	1.340250e+01 	5.079184e+01 	4.307576e+00 	4.117351e+01 	5.371667e+01 	-8222600000000000 	-3.024434e+15 	2.513400e+41 	1.288485e+43 	4.121900e-04 	2.300622e+00 	1.400868e+00 	9.361424e-02 	1.371877e-01 	13959098304243944 	13075321471398600 	4.012688e+15 	4094958897509424 	4852721471398600 	676796183798923 
19 	1.341111e+01 	5.079245e+01 	4.307304e+00 	1.299719e+02 	5.376288e+01 	-8133000000000000 	-3296333797458521 	-2.264700e+41 	1.080490e+43 	4.041100e-04 	2.762700e+00 	1.401363e+00 	2.248617e-01 	1.373538e-01 	13934594410040464 	13047571119205672 	4.103002e+15 	4.139966e+15 	4914571119205672 	6.708760e+14 
20 	1.341972e+01 	5.079520e+01 	4.304664e+00 	1.145305e+02 	5.380956e+01 	-8833900000000000 	-4104237260135965 	2.187900e+41 	1.306479e+43 	4.121800e-04 	2.805821e+00 	1.401862e+00 	2.365528e-01 	1.375215e-01 	13910090515836984 	13019820767012744 	3565157235522207 	3621033776663058 	4185920767012744 	6.822038e+14 
21 	1.342833e+01 	5.080045e+01 	4.307324e+00 	1.633572e+02 	5.386142e+01 	-9476200000000000 	-5153001229827113 	6.386200e+40 	1.279354e+43 	4.110300e-04 	2.796349e+00 	1.402417e+00 	2.370920e-01 	1.377080e-01 	13885586621633504 	12992070414819816 	3061264937140961 	3144133267342879 	3515870414819816 	686811463616134 
22 	1.343694e+01 	5.080562e+01 	4.303965e+00 	1.231313e+02 	5.391041e+01 	-10179000000000000 	-5600091814535094 	-2.705200e+41 	1.236956e+43 	4.036400e-04 	2.748408e+00 	1.402941e+00 	2.204097e-01 	1.378840e-01 	13861082727430024 	12964320062626888 	2514837563191997 	2624544886408810 	2785320062626888 	6.897288e+14 
23 	1.344556e+01 	5.081108e+01 	4.298033e+00 	1.108522e+02 	5.395829e+01 	-9225900000000000 	-5617621441930132 	2.391700e+41 	1.082833e+43 	3.890300e-04 	2.851303e+00 	1.403454e+00 	2.496342e-01 	1.380561e-01 	13836575987576312 	12936566487770832 	3.164800e+15 	3.285235e+15 	3710666487770832 	6.613762e+14 
24 	1.345417e+01 	5.081491e+01 	4.289102e+00 	8.936411e+01 	5.400497e+01 	-9094600000000000 	-5558807026762578 	1.048600e+41 	1.223015e+43 	3.819700e-04 	3.087652e+00 	1.403953e+00 	3.172642e-01 	1.382239e-01 	13812072093372832 	12908816135577904 	3.248085e+15 	3.360135e+15 	3814216135577904 	6.525950e+14 
25 	1.346278e+01 	5.082092e+01 	4.282675e+00 	1.109797e+02 	5.405509e+01 	-9680900000000000 	-5113781319931715 	1.908500e+41 	1.332570e+43 	3.931300e-04 	2.850986e+00 	1.404489e+00 	2.496161e-01 	1.384040e-01 	13787568199169352 	12881065783384976 	2829687881287074 	2.923958e+15 	3200165783384976 	670088301706458 
26 	1.347139e+01 	5.082726e+01 	4.280349e+00 	1.318425e+02 	5.410562e+01 	-8792800000000000 	-2923534003660997 	-1.981100e+41 	1.277997e+43 	3.872800e-04 	2.767694e+00 	1.405030e+00 	2.265540e-01 	1.385856e-01 	13763064304965872 	12853315431192048 	3453192116281594 	3537478902477382 	4060515431192048 	6.532391e+14 
27 	1.348000e+01 	5.083379e+01 	4.281917e+00 	1.533707e+02 	5.415796e+01 	-10107000000000000 	-3724168593161755 	2.427400e+41 	1.271242e+43 	4.008900e-04 	2.802738e+00 	1.405590e+00 	2.381470e-01 	1.387737e-01 	13738560410762392 	12825565078999120 	2498637393177627 	2583655277615739 	2718565078999120 	6.830536e+14 
28 	1.348861e+01 	5.083999e+01 	4.283326e+00 	1.527550e+02 	5.421172e+01 	-8715900000000000 	-2.795519e+15 	5.926800e+40 	1.274275e+43 	4.028800e-04 	2.802993e+00 	1.406165e+00 	2.381990e-01 	1.389669e-01 	13714056516558912 	12797814726806192 	3488622124404169 	3.554459e+15 	4081914726806192 	6.662440e+14 
29 	1.349722e+01 	5.084606e+01 	4.280171e+00 	1.262940e+02 	5.426247e+01 	-7725800000000000 	-4111244279053938 	4.648400e+41 	1.214715e+43 	3.877600e-04 	2.756821e+00 	1.406708e+00 	2.231353e-01 	1.391493e-01 	13689552622355432 	12770064374613264 	4.200484e+15 	4239508602722111 	5044264374613264 	6.474679e+14 
30 	1.350583e+01 	5.085256e+01 	4.274672e+00 	1.161877e+02 	5.431372e+01 	-8822200000000000 	-5525565105297858 	-1.873700e+41 	1.361834e+43 	3.862600e-04 	2.790804e+00 	1.407257e+00 	2.325049e-01 	1.393335e-01 	13665048728151952 	12742314022420336 	3402170045983046 	3441339793031095 	3920114022420336 	6.506561e+14 
31 	1.351444e+01 	5.086028e+01 	4.271321e+00 	1.288607e+02 	5.436610e+01 	-10722000000000000 	-5568275701166784 	4.613200e+41 	1.302437e+43 	3.834700e-04 	2.762403e+00 	1.407817e+00 	2.249478e-01 	1.395218e-01 	13640544833948472 	12714563670227416 	2.037308e+15 	2.073099e+15 	1992563670227416 	6.782154e+14 
32 	1.352306e+01 	5.086850e+01 	4.270027e+00 	1.383529e+02 	5.442056e+01 	-11060000000000000 	-5107900853026740 	3.695000e+41 	1.276646e+43 	3.882800e-04 	2.781328e+00 	1.408400e+00 	2.310557e-01 	1.397175e-01 	13616038094094752 	12686810095371352 	1.760513e+15 	1.814852e+15 	1626810095371352 	6.897220e+14 
33 	1.353167e+01 	5.087571e+01 	4.273971e+00 	1.629281e+02 	5.447590e+01 	-9909500000000000 	-5260726395648782 	2.707800e+41 	1.295443e+43 	4.005900e-04 	2.793732e+00 	1.408992e+00 	2.367859e-01 	1.399164e-01 	13591534199891272 	12659059743178424 	2.570593e+15 	2.613240e+15 	2749559743178424 	6.765536e+14 
34 	1.354028e+01 	5.087891e+01 	4.279368e+00 	1.694601e+02 	5.452817e+01 	-9979900000000000 	-5969375152635165 	2.618400e+41 	1.295741e+43 	3.973300e-04 	2.788233e+00 	1.409551e+00 	2.359187e-01 	1.401042e-01 	13567030305687792 	12631309390985496 	2506285595600290 	2544873737151861 	2651409390985496 	674990824206272 
35 	1.354889e+01 	5.087936e+01 	4.280172e+00 	1.680222e+02 	5.457683e+01 	-9625500000000000 	-6050218529175843 	4.728500e+41 	1.154781e+43 	3.943400e-04 	2.789141e+00 	1.410072e+00 	2.360713e-01 	1.402791e-01 	13542526411484312 	12603559038792568 	2753072568480072 	2777890885537560 	2978059038792568 	6.669929e+14 
36 	1.355750e+01 	5.087956e+01 	4.280519e+00 	1.698492e+02 	5.462547e+01 	-10155000000000000 	-5867015729523962 	1.576300e+41 	1.306151e+43 	4.127700e-04 	2.787416e+00 	1.410592e+00 	2.358032e-01 	1.404539e-01 	13518022517280840 	12575808686599648 	2350358429764249 	2384120538129689 	2420808686599648 	6.936329e+14 
37 	1.356611e+01 	5.088046e+01 	4.282060e+00 	1.693914e+02 	5.467639e+01 	-8268200000000000 	-3.452836e+15 	6.431200e+41 	1.282153e+43 	3.705400e-04 	2.787524e+00 	1.411137e+00 	2.358284e-01 	1.406370e-01 	13493518623077360 	12548058334406720 	3678327612816194 	3702912731115816 	4279858334406720 	6.312026e+14 
38 	1.357472e+01 	5.088092e+01 	4.282805e+00 	1.713314e+02 	5.472557e+01 	-8906400000000000 	-2803798132124902 	7.500700e+41 	1.340728e+43 	3.917000e-04 	2.785690e+00 	1.411664e+00 	2.355418e-01 	1.408137e-01 	13469014728873880 	12520307982213792 	3200822861510980 	3.232084e+15 	3613907982213792 	6.571057e+14 
39 	1.358333e+01 	5.088138e+01 	4.283507e+00 	1.729582e+02 	5.477491e+01 	-7993800000000000 	-3898418165170476 	4.316300e+41 	1.288800e+43 	3.860700e-04 	2.784100e+00 	1.412192e+00 	2.352936e-01 	1.409910e-01 	13444510834670400 	12492557630020864 	3.823603e+15 	3.859753e+15 	4498757630020864 	6.450499e+14 
40 	1.359194e+01 	5.088251e+01 	4.285092e+00 	1.757139e+02 	5.482495e+01 	-10111000000000000 	-6316928920540742 	3.318800e+41 	1.182693e+43 	3.884100e-04 	2.781572e+00 	1.412727e+00 	2.348936e-01 	1.411709e-01 	13420006940466920 	12464807277827936 	2320618252207096 	2.342283e+15 	2353807277827936 	6.751402e+14 
41 	1.360056e+01 	5.088403e+01 	4.287032e+00 	1.784347e+02 	5.487705e+01 	-9048300000000000 	-4986067004330639 	4.086400e+41 	1.204058e+43 	3.781100e-04 	2.779045e+00 	1.413284e+00 	2.344929e-01 	1.413581e-01 	13395500200613208 	12437053702971888 	3061422280612508 	3075955573506163 	3388753702971888 	6.484762e+14 
42 	1.360917e+01 	5.088559e+01 	4.289054e+00 	1.781841e+02 	5.492776e+01 	-8124100000000000 	-3.310873e+15 	3.743100e+41 	1.262897e+43 	3.972900e-04 	2.778965e+00 	1.413827e+00 	2.344862e-01 	1.415404e-01 	13370996306409728 	12409303350778960 	3.695162e+15 	3711130249984239 	4285203350778960 	6.570537e+14 
43 	1.361778e+01 	5.088860e+01 	4.293059e+00 	1.775502e+02 	5.498138e+01 	-6869800000000000 	-1.399021e+15 	4.155400e+41 	1.268034e+43 	3.895700e-04 	2.779188e+00 	1.414401e+00 	2.345290e-01 	1.417331e-01 	13346492412206248 	12381552998586032 	4567922946383941 	4579107009054528 	5511752998586032 	6.478741e+14 
44 	1.362639e+01 	5.089172e+01 	4.301497e+00 	1.581985e+02 	5.503687e+01 	-7683000000000000 	9.332905e+14 	4.762000e+41 	1.320227e+43 	3.711800e-04 	2.794978e+00 	1.414994e+00 	2.370982e-01 	1.419325e-01 	13321988518002768 	12353802646393104 	3833496675633536 	3.985166e+15 	4670802646393104 	6.266751e+14 
45 	1.363500e+01 	5.089436e+01 	4.311666e+00 	1.502264e+02 	5.509375e+01 	-6048300000000000 	2.086329e+15 	5.664200e+41 	1.293158e+43 	3.892200e-04 	2.801379e+00 	1.415603e+00 	2.381512e-01 	1.421370e-01 	13297484623799288 	12326052294200176 	4970250096400848 	5120915796667298 	6277752294200176 	6.474766e+14 
46 	1.364361e+01 	5.089807e+01 	4.321470e+00 	1.590912e+02 	5.515006e+01 	-9167600000000000 	-3485667227568465 	8.273000e+41 	1.296822e+43 	3.862000e-04 	2.793717e+00 	1.416206e+00 	2.369178e-01 	1.423393e-01 	13272980729595808 	12298301942007248 	2759532267085128 	2.898859e+15 	3130701942007248 	6.580615e+14 
47 	1.365222e+01 	5.090473e+01 	4.329794e+00 	1.799588e+02 	5.520885e+01 	-9660100000000000 	-5511821396199467 	8.450300e+41 	1.337765e+43 	3.604600e-04 	2.775884e+00 	1.416835e+00 	2.340209e-01 	1.425506e-01 	13248476835392328 	12270551589814320 	2421318591541282 	2532671468983715 	2610451589814320 	6.460194e+14 
48 	1.366083e+01 	5.091121e+01 	4.339576e+00 	1.747690e+02 	5.526766e+01 	-9536100000000000 	-4.462727e+15 	6.846000e+41 	1.334872e+43 	3.783300e-04 	2.779931e+00 	1.417464e+00 	2.346900e-01 	1.427620e-01 	13223972941188848 	12242801237621392 	2.481054e+15 	2.601740e+15 	2706701237621392 	6.590930e+14 
49 	1.366944e+01 	5.091637e+01 	4.350590e+00 	1.651693e+02 	5.532724e+01 	-7861700000000000 	3.029068e+14 	7.009900e+41 	1.285434e+43 	3.726000e-04 	2.787750e+00 	1.418101e+00 	2.359795e-01 	1.429761e-01 	13199469046985368 	12215050885428464 	3.659593e+15 	3764024794917167 	4353350885428464 	6.325877e+14 
50 	1.367806e+01 	5.091779e+01 	4.363339e+00 	1.386706e+02 	5.538407e+01 	-4703800000000000 	3.564159e+15 	6.221700e+41 	1.366526e+43 	3.856200e-04 	2.781985e+00 	1.418710e+00 	2.318080e-01 	1.431803e-01 	13174962307131648 	12187297310572408 	5887718085866152 	5971033679707635 	7483497310572408 	6.628299e+14 
51 	1.368667e+01 	5.091592e+01 	4.376383e+00 	1.160381e+02 	5.543852e+01 	-6743800000000000 	-8.835870e+14 	9.155500e+41 	1.279439e+43 	3.639500e-04 	2.803068e+00 	1.419292e+00 	2.365361e-01 	1.433761e-01 	13150458412928168 	12159546958379480 	4444958963628651 	4513981252227762 	5415746958379480 	6.227295e+14 
52 	1.369528e+01 	5.091306e+01 	4.388396e+00 	1.083074e+02 	5.549241e+01 	-6122900000000000 	-1761586694498441 	6.917700e+41 	1.353238e+43 	3.821500e-04 	2.903422e+00 	1.419869e+00 	2.659135e-01 	1.435697e-01 	13125954518724696 	12131796606186552 	4887403731922460 	4932184359844965 	6008896606186552 	6.425131e+14 
53 	1.370389e+01 	5.091155e+01 	4.400271e+00 	1.177821e+02 	5.554754e+01 	-7231400000000000 	-1.990098e+15 	8.423700e+41 	1.341746e+43 	3.500000e-04 	2.781493e+00 	1.420459e+00 	2.302637e-01 	1.437679e-01 	13101450624521216 	12104046253993624 	4130253262901396 	4.132504e+15 	4872646253993624 	6.124269e+14 
54 	1.371250e+01 	5.091233e+01 	4.407287e+00 	1.392883e+02 	5.560298e+01 	-6302100000000000 	5.252393e+14 	6.114300e+41 	1.296443e+43 	3.741500e-04 	2.782946e+00 	1.421052e+00 	2.322625e-01 	1.439671e-01 	13076946730317736 	12076295901800696 	4783318253606870 	4767487345183454 	5774195901800696 	6.361682e+14 
55 	1.372111e+01 	5.091410e+01 	4.416864e+00 	1.458340e+02 	5.565936e+01 	-8336100000000000 	-8.410356e+14 	7.634400e+41 	1.333891e+43 	3.812900e-04 	2.792915e+00 	1.421655e+00 	2.357508e-01 	1.441697e-01 	13052442836114256 	12048545549607768 	3339846598574674 	3317501414789876 	3712445549607768 	6.485040e+14 
56 	1.372972e+01 	5.091244e+01 	4.423687e+00 	1.085222e+02 	5.571326e+01 	-6936200000000000 	1.179634e+15 	4.765800e+41 	1.175764e+43 	3.836900e-04 	2.903742e+00 	1.422232e+00 	2.661829e-01 	1.443635e-01 	13027938941910776 	12020795197414840 	4.301697e+15 	4283224787285260 	5084595197414840 	6.430823e+14 
57 	1.373833e+01 	5.090813e+01 	4.429748e+00 	8.132219e+01 	5.576363e+01 	-6625900000000000 	3194500263778095 	1.369800e+42 	8.953404e+42 	3.885600e-04 	2.945384e+00 	1.422771e+00 	2.790664e-01 	1.445445e-01 	13003435047707296 	11993044845221912 	4522619766978516 	4482475125324729 	5367144845221912 	6.492753e+14 
58 	1.374694e+01 	5.090168e+01 	4.434920e+00 	6.672144e+01 	5.581254e+01 	-7040100000000000 	6144539411452921 	6.135700e+41 	1.125765e+43 	3.876500e-04 	2.606942e+00 	1.423294e+00 	1.807701e-01 	1.447203e-01 	12978931153503816 	11965294493028992 	4201217910304537 	4172595690547268 	4925194493028992 	6.485011e+14 
59 	1.375556e+01 	5.089702e+01 	4.444582e+00 	9.263571e+01 	5.586639e+01 	-4131100000000000 	3.961857e+15 	7.222300e+41 	1.187717e+43 	3.729200e-04 	3.114826e+00 	1.423870e+00 	3.283615e-01 	1.449138e-01 	12954424413650096 	11937540918172936 	6229524309502253 	6196719013104135 	7806440918172936 	6.634832e+14 
60 	1.376417e+01 	5.089219e+01 	4.453454e+00 	8.948147e+01 	5.591862e+01 	-3093200000000000 	4159846685094483 	9.114800e+41 	1.002706e+43 	3.659900e-04 	3.138742e+00 	1.424429e+00 	3.355212e-01 	1.451015e-01 	12929920519446616 	11909790565980008 	6951309081848248 	6905727771272783 	8816590565980008 	682995174764331 
61 	1.377278e+01 	5.088778e+01 	4.457480e+00 	7.030969e+01 	5.596966e+01 	-1842900000000000 	4831826529931094 	9.488600e+41 	1.006762e+43 	3.902300e-04 	2.692435e+00 	1.424975e+00 	2.057538e-01 	1.452849e-01 	12905416625243136 	11882040213787080 	7788570204704424 	7763304020910186 	10039140213787080 	739302309858227 
62 	1.378139e+01 	5.088552e+01 	4.459590e+00 	7.094912e+01 	5.602079e+01 	-2470500000000000 	4.192061e+15 	7.292400e+41 	7.861644e+42 	3.845800e-04 	2.708060e+00 	1.425522e+00 	2.103457e-01 	1.454687e-01 	12880912731039656 	11854289861594152 	7320380122773418 	7302875149183893 	9383789861594152 	7.137371e+14 
63 	1.379000e+01 	5.088334e+01 	4.460333e+00 	5.280301e+01 	5.607216e+01 	-2688800000000000 	4587162764831822 	9.203300e+41 	7.082305e+42 	3.858800e-04 	2.400145e+00 	1.426072e+00 	1.218303e-01 	1.456533e-01 	12856408836836184 	11826539509401224 	7105779801369396 	7129800085244754 	9137739509401224 	705851452934005 
64 	1.379861e+01 	5.088189e+01 	4.460438e+00 	4.341582e+01 	5.612423e+01 	-3684800000000000 	4175233083645692 	7.841700e+41 	8.195124e+42 	3.681600e-04 	2.332293e+00 	1.426629e+00 	1.035239e-01 	1.458405e-01 	12831904942632704 	11798789157208296 	6378271189914343 	6411690167500731 	8113989157208296 	6.651359e+14 
65 	1.380722e+01 	5.087918e+01 	4.461771e+00 	5.820906e+01 	5.617724e+01 	-5759500000000000 	1.415071e+15 	7.030200e+41 	7.974536e+42 	3.541300e-04 	2.440114e+00 	1.427196e+00 	1.326847e-01 	1.460310e-01 	12807401048429224 	11771038805015368 	4959322981578153 	4938283806731039 	6011538805015368 	6.270403e+14 
66 	1.381583e+01 	5.087559e+01 	4.464271e+00 	6.483467e+01 	5.622802e+01 	-5708400000000000 	5529007208253638 	8.753400e+41 	8.530497e+42 	3.630700e-04 	2.567130e+00 	1.427740e+00 	1.694496e-01 	1.462135e-01 	12782897154225744 	11743288452822440 	4969870883194589 	4955032333468540 	6034888452822440 	636045520718697 
67 	1.382444e+01 	5.086950e+01 	4.468503e+00 	6.488649e+01 	5.627882e+01 	-2425700000000000 	1.255419e+15 	5.878300e+41 	9.415940e+42 	3.484800e-04 	2.568845e+00 	1.428283e+00 	1.699798e-01 	1.463961e-01 	12758393260022264 	11715538100629512 	7248556561609227 	7234344218903018 	9289838100629512 	6.835227e+14 
68 	1.383306e+01 	5.086276e+01 	4.473200e+00 	6.515542e+01 	5.632932e+01 	-4791000000000000 	-9.991159e+14 	7.955200e+41 	8.285408e+42 	3.638100e-04 	2.575679e+00 	1.428824e+00 	1.720033e-01 	1.465776e-01 	12733886520168552 	11687784525773464 	5562493536608504 	5559039008213682 	6896784525773464 	6.453180e+14 
69 	1.384167e+01 	5.086053e+01 	4.474583e+00 	6.285755e+01 	5.638336e+01 	-7039600000000000 	1.321926e+14 	8.709300e+41 	6.906588e+42 	3.625900e-04 	2.521967e+00 	1.429402e+00 	1.563630e-01 	1.467718e-01 	12709382625965072 	11660034173580536 	3.952890e+15 	3966541705266320 	4620434173580536 	636324423584107 
70 	1.385028e+01 	5.085902e+01 	4.475046e+00 	5.268067e+01 	5.643638e+01 	-4611500000000000 	-618041446690372 	7.190800e+41 	6.347408e+42 	3.688600e-04 	2.401650e+00 	1.429969e+00 	1.224295e-01 	1.469623e-01 	12684878731761592 	11632283821387608 	5619203947350499 	5645840819478553 	7020783821387608 	6.492056e+14 
71 	1.385889e+01 	5.085795e+01 	4.475187e+00 	4.658482e+01 	5.648987e+01 	-5178500000000000 	-2.326766e+15 	9.194500e+41 	6.368330e+42 	3.652800e-04 	2.357682e+00 	1.430542e+00 	1.105838e-01 	1.471546e-01 	12660374837558112 	11604533469194680 	5217351136308584 	5230099535989314 	6426033469194680 	6.405089e+14 
72 	1.386750e+01 	5.085738e+01 	4.475231e+00 	4.472878e+01 	5.654388e+01 	-5385800000000000 	-2.780509e+15 	8.479600e+41 	6.573830e+42 	3.816700e-04 	2.344536e+00 	1.431120e+00 	1.070634e-01 	1.473487e-01 	12635870943354632 	11576783117001752 	5047660545509906 	5066013570559321 	6190983117001752 	6.529942e+14 
73 	1.387611e+01 	5.085680e+01 	4.475299e+00 	4.634405e+01 	5.659804e+01 	-5896800000000000 	-2650201726453167 	1.389400e+42 	7.039753e+42 	3.475800e-04 	2.356632e+00 	1.431699e+00 	1.103593e-01 	1.475434e-01 	12611367049151152 	11549032764808824 	4662576754817081 	4689929215579097 	5652232764808824 	6.204138e+14 
74 	1.388472e+01 	5.085605e+01 	4.475413e+00 	4.765709e+01 	5.665222e+01 	-7507300000000000 	-4.102513e+15 	1.057600e+42 	7.528060e+42 	3.718700e-04 	2.366532e+00 	1.432279e+00 	1.130621e-01 	1.477381e-01 	12586863154947672 	11521282412615896 	3.525810e+15 	3546490665072431 	4013982412615896 	6.495153e+14 
75 	1.389333e+01 	5.085503e+01 	4.475635e+00 	5.020412e+01 	5.670635e+01 	-8004500000000000 	-4262145543137356 	5.242500e+41 	8.042686e+42 	3.635600e-04 	2.385411e+00 	1.432858e+00 	1.181882e-01 	1.479326e-01 	12562359260744192 	11493532060422968 	3.163523e+15 	3.180957e+15 	3489032060422968 	6.493025e+14 
76 	1.390194e+01 	5.085435e+01 	4.475856e+00 	5.414276e+01 	5.676089e+01 	-7696700000000000 	-4.180776e+15 	1.233400e+42 	8.558897e+42 	3.590700e-04 	2.414420e+00 	1.433441e+00 	1.260487e-01 	1.481286e-01 	12537855366540712 	11465781708230040 	3359007498048912 	3.377295e+15 	3769081708230040 	6.414406e+14 
77 	1.391056e+01 	5.085358e+01 	4.476184e+00 	5.770287e+01 	5.681550e+01 	-6600800000000000 	-3.017043e+15 	8.965200e+41 	8.792987e+42 	3.826200e-04 	2.440682e+00 	1.434026e+00 	1.331665e-01 	1.483249e-01 	12513348626686992 	11438028133373984 	4.100525e+15 	4.123042e+15 	4837228133373984 	6.522268e+14 
78 	1.391917e+01 	5.085290e+01 	4.476494e+00 	5.887382e+01 	5.687033e+01 	-7984600000000000 	-3.917911e+15 	6.935500e+41 	9.231375e+42 	3.616800e-04 	2.449568e+00 	1.434613e+00 	1.355930e-01 	1.485220e-01 	12488844732483512 	11410277781181056 	3.083870e+15 	3.139694e+15 	3425677781181056 	6.473391e+14 
79 	1.392778e+01 	5.085248e+01 	4.476746e+00 	6.385795e+01 	5.692550e+01 	-8150900000000000 	-3.165898e+15 	9.954500e+41 	9.320067e+42 	3.498100e-04 	2.550535e+00 	1.435203e+00 	1.649949e-01 	1.487203e-01 	12464340838280032 	11382527428988128 	2.918778e+15 	3.005457e+15 	3231627428988128 	6.396049e+14 
80 	1.393639e+01 	5.085211e+01 	4.476991e+00 	6.560113e+01 	5.698085e+01 	-6806200000000000 	-2881419856839001 	1.450500e+42 	9.565242e+42 	3.845800e-04 	2.592854e+00 	1.435795e+00 	1.774228e-01 	1.489192e-01 	12439836944076552 	11354777076795200 	3846494646145705 	3.923705e+15 	4548577076795200 	6.533672e+14 
81 	1.394500e+01 	5.085154e+01 	4.477393e+00 	6.710856e+01 	5.703620e+01 	-6814200000000000 	-2.498206e+15 	1.400700e+42 	9.631872e+42 	3.573400e-04 	2.629631e+00 	1.436387e+00 	1.882357e-01 	1.491181e-01 	12415333049873072 	11327026724602272 	3.838663e+15 	3899458629417372 	4512826724602272 	6.313243e+14 
82 	1.395361e+01 	5.085096e+01 	4.477812e+00 	6.819815e+01 	5.709170e+01 	-5768700000000000 	-2.582314e+15 	1.291500e+42 	1.003189e+43 	3.642900e-04 	2.656464e+00 	1.436981e+00 	1.961407e-01 	1.493176e-01 	12390829155669592 	11299276372409344 	4531548080396510 	4608361890184158 	5530576372409344 	633386748380065 
83 	1.396222e+01 	5.085039e+01 	4.478228e+00 	6.814269e+01 	5.714915e+01 	-6939100000000000 	-1951918129922635 	1.095100e+42 	1.018909e+43 	3.533500e-04 	2.655810e+00 	1.437596e+00 	1.959910e-01 	1.495240e-01 	12366325261466120 	11271526020216416 	3.680141e+15 	3.775209e+15 	4332426020216416 	6.291264e+14 
84 	1.397083e+01 	5.084991e+01 	4.478602e+00 	6.964000e+01 	5.720500e+01 	-5905600000000000 	-6.242552e+14 	1.280700e+42 	1.040153e+43 	3.279700e-04 	2.692599e+00 	1.438193e+00 	2.068260e-01 	1.497248e-01 	12341821367262640 	11243775668023488 	4371073715878334 	4.475212e+15 	5338175668023488 	6.031124e+14 
85 	1.397944e+01 	5.084962e+01 	4.478833e+00 	7.041106e+01 	5.726114e+01 	-6047000000000000 	1.612042e+14 	1.566700e+42 	1.054187e+43 	3.656600e-04 	2.711949e+00 	1.438794e+00 	2.125502e-01 	1.499265e-01 	12317317473059160 	11216025315830560 	4237881987120365 	4.358036e+15 	5169025315830560 	6.350905e+14 
86 	1.398806e+01 	5.084909e+01 	4.479259e+00 	7.079897e+01 	5.731725e+01 	-4641400000000000 	4.896669e+14 	1.044500e+42 	1.075823e+43 	3.631600e-04 	2.722081e+00 	1.439395e+00 	2.155719e-01 	1.501282e-01 	12292810733205440 	11188271740974512 	5171058996625968 	5315714741191123 	6546871740974512 	6.355072e+14 
87 	1.399667e+01 	5.084874e+01 	4.479506e+00 	6.828389e+01 	5.737363e+01 	-4721800000000000 	1.858108e+15 	1.192500e+42 	1.039880e+43 	3.601300e-04 	2.661890e+00 	1.439998e+00 	1.979398e-01 	1.503308e-01 	12268306839001960 	11160521388781584 	5083691826852103 	5240637684505811 	6438721388781584 	631404226845005 
88 	1.400528e+01 	5.084828e+01 	4.479861e+00 	7.029233e+01 	5.743007e+01 	-3712000000000000 	2.328342e+15 	1.256400e+42 	1.098896e+43 	3.328200e-04 	2.711310e+00 	1.440602e+00 	2.125024e-01 	1.505337e-01 	12243802944798480 	11132771036588656 	5760324338470815 	5922388169119057 	7420771036588656 	6.194430e+14 
89 	1.401389e+01 	5.084790e+01 	4.480094e+00 	6.558393e+01 	5.748672e+01 	-3939900000000000 	1.485327e+15 	1.351800e+42 	1.080806e+43 	3.638600e-04 	2.597612e+00 	1.441208e+00 	1.791280e-01 	1.507373e-01 	12219299050595000 	11105020684395728 	5570600474033610 	5744763966408225 	7165120684395728 	6.403378e+14 
90 	1.402250e+01 	5.084750e+01 	4.480422e+00 	7.180881e+01 	5.754349e+01 	-5371600000000000 	1.552471e+15 	1.409100e+42 	1.110553e+43 	3.782500e-04 	2.749722e+00 	1.441815e+00 	2.238907e-01 	1.509413e-01 	12194795156391520 	11077270332202800 	4548630863006477 	4732364232398593 	5705670332202800 	6.411780e+14 
91 	1.403111e+01 	5.084719e+01 	4.480669e+00 	7.133756e+01 	5.760046e+01 	-5296200000000000 	7.885723e+14 	1.295100e+42 	1.079080e+43 	3.712300e-04 	2.739040e+00 	1.442425e+00 	2.207991e-01 	1.511461e-01 	12170291262188048 	11049519980009880 	4569603922997232 	4765649260036876 	5753319980009880 	6.347880e+14 
92 	1.403972e+01 	5.084681e+01 	4.480951e+00 	6.938586e+01 	5.765752e+01 	-5394100000000000 	-5.846162e+14 	1.439300e+42 	1.069748e+43 	3.492000e-04 	2.692181e+00 	1.443035e+00 	2.070593e-01 	1.513511e-01 	12145787367984568 	11021769627816952 	4466742881948027 	4678809105214814 	5627669627816952 	6.143183e+14 
93 	1.404833e+01 	5.084590e+01 	4.481650e+00 	7.088189e+01 	5.771435e+01 	-5364500000000000 	2.618790e+14 	1.379600e+42 	1.023928e+43 	3.747500e-04 	2.729478e+00 	1.443644e+00 	2.180825e-01 	1.515554e-01 	12121283473781088 	10994019275624024 	4456660197463957 	4680368292562890 	5629519275624024 	6.355259e+14 
94 	1.405694e+01 	5.084517e+01 	4.482222e+00 	7.139237e+01 	5.777331e+01 	4700700000000000 	2598289315752786 	3.752300e+42 	1.040614e+43 	1.406100e-03 	2.742779e+00 	1.444274e+00 	2.220490e-01 	1.517673e-01 	12096779579577608 	10966268923431096 	11367545778438224 	11630393439298052 	15666968923431096 	1.920072e+15 
95 	1.406556e+01 	5.084506e+01 	4.482323e+00 	7.513738e+01 	5.783099e+01 	-3250400000000000 	4134164757870423 	1.308300e+42 	1.023625e+43 	3.489800e-04 	2.835425e+00 	1.444892e+00 	2.493914e-01 	1.519746e-01 	12072272839723888 	10938515348575032 	5813541083049836 	6105560544320973 	7688115348575032 	627538059728580 
96 	1.407417e+01 	5.084459e+01 	4.482576e+00 	6.379258e+01 	5.788854e+01 	-3907900000000000 	2500327866279270 	1.519900e+42 	1.002895e+43 	3.681300e-04 	2.557723e+00 	1.445507e+00 	1.676128e-01 	1.521814e-01 	12047768945520408 	10910764996382112 	5339852993651627 	5631149926071491 	7002864996382112 	632757942435110 
97 	1.408278e+01 	5.084445e+01 	4.482620e+00 	5.682950e+01 	5.794648e+01 	-4927700000000000 	1609424523270115 	1.141900e+42 	9.659757e+42 	3.614500e-04 	2.441837e+00 	1.446127e+00 	1.340643e-01 	1.523896e-01 	12023265051316936 	10883014644189184 	4602298387666259 	4906597802407302 	5955314644189184 	6.178938e+14 
98 	1.409139e+01 	5.084396e+01 	4.482913e+00 	6.618262e+01 	5.800430e+01 	-4498400000000000 	-5.419858e+14 	1.254800e+42 	9.096223e+42 	3.629600e-04 	2.617652e+00 	1.446746e+00 	1.853459e-01 	1.525974e-01 	11998761157113456 	10855264291996256 	4866837411853419 	5184297185694271 	6356864291996256 	6.207305e+14 
99 	1.410000e+01 	5.084336e+01 	4.483160e+00 	6.038405e+01 	5.806218e+01 	-5479800000000000 	-2.807136e+14 	1.640200e+42 	8.475072e+42 	3.495600e-04 	2.475211e+00 	1.447365e+00 	1.433592e-01 	1.528055e-01 	11974257262909976 	10827513939803328 	4140710701804004 	4487088992797051 	5347713939803328 	6.046869e+14 
100 	1.410861e+01 	5.084287e+01 	4.483313e+00 	5.682870e+01 	5.812028e+01 	-5521300000000000 	-4.996528e+13 	1.319600e+42 	8.365891e+42 	3.590800e-04 	2.442985e+00 	1.447987e+00 	1.344642e-01 	1.530143e-01 	11949753368706496 	10799763587610400 	4.072841e+15 	4439579588059367 	5278463587610400 	6.109303e+14 
101 	1.411722e+01 	5.084227e+01 	4.483406e+00 	5.164023e+01 	5.817844e+01 	-6214200000000000 	-2.040962e+15 	1.544600e+42 	7.967140e+42 	3.566500e-04 	2.405508e+00 	1.448609e+00 	1.243986e-01 	1.532233e-01 	11925249474503016 	10772013235417472 	3592801114566582 	3.942436e+15 	4557813235417472 	6.114345e+14 
102 	1.412583e+01 	5.084169e+01 	4.483455e+00 	4.912678e+01 	5.823674e+01 	-6488500000000000 	-1.668992e+15 	1.321800e+42 	8.015853e+42 	3.746800e-04 	2.387546e+00 	1.449233e+00 	1.195914e-01 	1.534328e-01 	11900745580299536 	10744262883224544 	3388943876949828 	3734558307478270 	4255762883224544 	6.287518e+14 
103 	1.413444e+01 	5.084111e+01 	4.483524e+00 	5.057471e+01 	5.829518e+01 	-6635400000000000 	-1.361113e+14 	1.806600e+42 	7.981277e+42 	3.534100e-04 	2.398496e+00 	1.449858e+00 	1.225725e-01 	1.536429e-01 	11876241686096056 	10716512531031616 	3.304740e+15 	3614726401835434 	4081112531031616 	6.119467e+14 
104 	1.414306e+01 	5.084022e+01 	4.483593e+00 	4.915643e+01 	5.835354e+01 	-5358100000000000 	-3.372539e+14 	1.405900e+42 	7.724833e+42 	3.419900e-04 	2.388524e+00 	1.450483e+00 	1.199183e-01 	1.538526e-01 	11851734946242336 	10688758956175560 	4.172761e+15 	4.476878e+15 	5330658956175560 	5.932953e+14 
105 	1.415167e+01 	5.083957e+01 	4.483627e+00 	4.844051e+01 	5.841221e+01 	-5011600000000000 	-886289928527762 	1.319800e+42 	8.071975e+42 	3.594100e-04 	2.383679e+00 	1.451111e+00 	1.186455e-01 	1.540635e-01 	11827231052038856 	10661008603982632 	4.393249e+15 	4696837740908334 	5649408603982632 	606871334317364 
106 	1.416028e+01 	5.083873e+01 	4.483667e+00 	4.835127e+01 	5.847087e+01 	-5818300000000000 	-1.110921e+14 	1.632800e+42 	7.951245e+42 	3.711000e-04 	2.383409e+00 	1.451738e+00 	1.186049e-01 	1.542743e-01 	11802727157835376 	10633258251789704 	3789694707625095 	4.122249e+15 	4814958251789704 	6.162207e+14 
107 	1.416889e+01 	5.083755e+01 	4.483734e+00 	4.882874e+01 	5.852944e+01 	-4860700000000000 	5.026090e+14 	1.984900e+42 	8.015133e+42 	3.504200e-04 	2.387277e+00 	1.452365e+00 	1.196784e-01 	1.544848e-01 	11778223263631896 	10605507899596776 	4.409174e+15 	4762937052764367 	5744807899596776 	5.948304e+14 
108 	1.417750e+01 	5.083600e+01 	4.483810e+00 	4.870166e+01 	5.858790e+01 	-3648400000000000 	6.112710e+13 	2.078800e+42 	7.789336e+42 	3.335800e-04 	2.386729e+00 	1.452990e+00 	1.195628e-01 	1.546949e-01 	11753719369428416 	10577757547403848 	5190979115772999 	5578370526953200 	6929357547403848 	5.877888e+14 
109 	1.418611e+01 	5.083508e+01 	4.483810e+00 	4.704984e+01 	5.864691e+01 	-4410100000000000 	2.346146e+14 	2.009200e+42 	7.267911e+42 	3.281500e-04 	2.375047e+00 	1.453622e+00 	1.164501e-01 	1.549070e-01 	11729215475224936 	10550007195210920 	4587184745884670 	5035088648086763 	6139907195210920 	5.693597e+14 
110 	1.419472e+01 	5.083393e+01 	4.483619e+00 	4.121487e+01 	5.870590e+01 	-3433700000000000 	9.742847e+14 	1.922900e+42 	6.525366e+42 	3.344500e-04 	2.332799e+00 	1.454253e+00 	1.051101e-01 	1.551190e-01 	11704711581021456 	10522256843017992 	5257140232778936 	5687463321875763 	7088556843017992 	5.857126e+14 
111 	1.420333e+01 	5.083200e+01 	4.482712e+00 	3.081257e+01 	5.876450e+01 	-3337100000000000 	2032863589132665 	1.887200e+42 	6.349919e+42 	3.725600e-04 	2.257165e+00 	1.454880e+00 	8.478544e-02 	1.553296e-01 	11680207686817976 	10494506490825072 	5321972541837258 	5734567035076974 	7157406490825072 	6.195647e+14 
112 	1.421194e+01 	5.082968e+01 	4.481198e+00 	2.497629e+01 	5.882103e+01 	-2792100000000000 	1.235269e+15 	2.027400e+42 	6.155481e+42 	3.479500e-04 	2.229049e+00 	1.455485e+00 	7.730737e-02 	1.555328e-01 	11655703792614496 	10466756138632144 	5709857922727628 	6089793714181636 	7674656138632144 	6.088287e+14 
113 	1.422056e+01 	5.082590e+01 	4.478998e+00 	2.742208e+01 	5.887865e+01 	-1088500000000000 	1.524611e+15 	2.352800e+42 	6.959776e+42 	5.009500e-04 	2.240372e+00 	1.456102e+00 	8.036047e-02 	1.557399e-01 	11631197052760784 	10439002563776088 	6903551919672468 	7240358456800394 	9350502563776088 	7.906788e+14 
114 	1.423278e+01 	5.081879e+01 	4.476256e+00 	3.408825e+01 	5.895754e+01 	-2788400000000000 	4.265596e+14 	1.649700e+42 	7.044029e+42 	3.555300e-04 	2.282311e+00 	1.456946e+00 	9.166755e-02 	1.560234e-01 	11596417515546184 	10399615175028912 	5754620774993513 	6045535801230643 	7611215175028912 	6.166315e+14 
115 	1.424139e+01 	5.081511e+01 	4.473906e+00 	2.593364e+01 	5.901557e+01 	-6072600000000000 	-3.860140e+14 	1.857100e+42 	7.501123e+42 	3.500500e-04 	2.234531e+00 	1.457567e+00 	7.887856e-02 	1.562319e-01 	11571913621342704 	10371864822835984 	3469652504710577 	3.772942e+15 	4299264822835984 	5.818632e+14 
116 	1.425000e+01 	5.081154e+01 	4.471631e+00 	2.609036e+01 	5.907185e+01 	-2854000000000000 	1.448613e+15 	1.818200e+42 	6.840088e+42 	3.574800e-04 	2.235579e+00 	1.458169e+00 	7.919008e-02 	1.564342e-01 	11547409727139224 	10344114470643056 	5664348003170708 	5961868028121661 	7490114470643056 	6.137991e+14 
117 	1.425861e+01 	5.080582e+01 	4.468065e+00 	2.667041e+01 	5.912682e+01 	-3773600000000000 	-2.437714e+14 	1.753600e+42 	6.720027e+42 	3.576500e-04 	2.238521e+00 	1.458757e+00 	8.000796e-02 	1.566318e-01 	11522905832935744 	10316364118450128 	4984618518948751 	5312266480444256 	6542764118450128 	5.941230e+14 
118 	1.426972e+01 	5.079929e+01 	4.463762e+00 	2.573128e+01 	5.919910e+01 	-4695500000000000 	-1.103263e+15 	1.756600e+42 	7.005293e+42 	3.157000e-04 	2.234743e+00 	1.459530e+00 	7.903711e-02 	1.568916e-01 	11491287813136088 	10280557108437864 	4.364150e+15 	4656147040242254 	5585057108437864 	5.483181e+14 
119 	1.427861e+01 	5.079640e+01 	4.461970e+00 	2.703335e+01 	5.926021e+01 	-4801100000000000 	-1265650260623470 	2.022000e+42 	6.195109e+42 	3.326700e-04 	2.240970e+00 	1.460184e+00 	8.073940e-02 	1.571112e-01 	11465992828166312 	10251910855895424 	4297093386212887 	4564419140624301 	5450810855895424 	5.625222e+14 
120 	1.428722e+01 	5.079379e+01 	4.460246e+00 	2.595807e+01 	5.931769e+01 	-5304200000000000 	-3513444647291009 	1.536700e+42 	7.275936e+42 	3.319800e-04 	2.236487e+00 	1.460799e+00 	7.956994e-02 	1.573178e-01 	11441488933962832 	10224160503702496 	3.916341e+15 	4201322464678764 	4919960503702496 	5.583638e+14 
121 	1.429583e+01 	5.079076e+01 	4.458239e+00 	2.604082e+01 	5.937700e+01 	-6246100000000000 	-2.624271e+15 	1.797900e+42 	7.655360e+42 	3.425000e-04 	2.237222e+00 	1.461434e+00 	7.979980e-02 	1.575309e-01 	11416985039759352 	10196410151509568 	3269544869600417 	3.538227e+15 	3950310151509568 	5.705007e+14 
122 	1.430444e+01 	5.078845e+01 	4.456706e+00 	2.605388e+01 	5.943494e+01 	-5947600000000000 	-3.552528e+15 	1.866500e+42 	7.336700e+42 	3.349100e-04 	2.237635e+00 	1.462054e+00 	7.994265e-02 	1.577392e-01 	11392481145555872 	10168659799316640 	3.482661e+15 	3724131581420055 	4221059799316640 	5.619564e+14 
123 	1.431306e+01 	5.078262e+01 	4.452897e+00 	2.654985e+01 	5.949269e+01 	-6979200000000000 	-4789311774184371 	1.902400e+42 	7.594533e+42 	3.396000e-04 	2.240220e+00 	1.462672e+00 	8.066909e-02 	1.579467e-01 	11367974405702160 	10140906224460584 	2803179390800372 	3.000519e+15 	3161706224460584 	5.780044e+14 
124 	1.432167e+01 	5.077575e+01 	4.448332e+00 	2.636003e+01 	5.954590e+01 	-5913800000000000 	-3.144795e+15 	1.896100e+42 	7.641179e+42 	3.245300e-04 	2.239692e+00 	1.463241e+00 	8.055657e-02 	1.581380e-01 	11343470511498680 	10113155872267656 	3538444737933530 	3710714850468957 	4199355872267656 	5.543543e+14 
125 	1.433028e+01 	5.077029e+01 	4.444596e+00 	2.582714e+01 	5.960417e+01 	-6461800000000000 	-4640423871145874 	1.797500e+42 	7.652306e+42 	3.215800e-04 	2.237649e+00 	1.463865e+00 	8.003909e-02 	1.583474e-01 	11318966617295200 	10085405520074728 	3161005218360456 	3.318044e+15 	3623605520074728 	5.564524e+14 
126 	1.433889e+01 	5.076904e+01 	4.443824e+00 	2.808413e+01 	5.966331e+01 	-6747400000000000 	-4.235273e+15 	2.123200e+42 	7.459755e+42 	3.448800e-04 	2.248178e+00 	1.464497e+00 	8.290568e-02 	1.585599e-01 	11294462723091720 	10057655167881800 	2.952175e+15 	3104862302913710 	3310255167881800 	5.797888e+14 
127 	1.434750e+01 	5.076730e+01 	4.442733e+00 	2.796057e+01 	5.972425e+01 	-5801300000000000 	-2.627317e+15 	2.564800e+42 	6.579284e+42 	3.255800e-04 	2.247997e+00 	1.465149e+00 	8.289180e-02 	1.587790e-01 	11269958828888240 	10029904815688872 	3580894869094791 	3.732492e+15 	4228604815688872 	5.551233e+14 
128 	1.435611e+01 	5.076352e+01 	4.440432e+00 	2.857535e+01 	5.978400e+01 	-5191900000000000 	-3056674147211167 	2.128000e+42 	7.482436e+42 	3.412700e-04 	2.251136e+00 	1.465789e+00 	8.377217e-02 	1.589937e-01 	11245454934684760 	10002154463495952 	3989150493851277 	4129895628841773 	4810254463495952 	5.677211e+14 
129 	1.436472e+01 	5.075866e+01 	4.437366e+00 	2.804079e+01 	5.984118e+01 	-4182600000000000 	-2.329130e+15 	1.841000e+42 	6.816358e+42 	3.371600e-04 	2.249079e+00 	1.466401e+00 	8.325026e-02 	1.591992e-01 	11220951040481280 	9974404111303024 	4638518025669565 	4799746376975814 	5791804111303024 	5.693153e+14 
130 	1.437333e+01 	5.075309e+01 	4.433846e+00 	2.810284e+01 	5.989803e+01 	-5338800000000000 	-2.690845e+15 	2.025100e+42 	6.985902e+42 	3.394200e-04 	2.249709e+00 	1.467009e+00 	8.345275e-02 	1.594035e-01 	11196447146277800 	9946653759110096 	3787840304203970 	3.992919e+15 	4607853759110096 	5.646250e+14 
131 	1.438194e+01 	5.074739e+01 	4.430259e+00 	2.833942e+01 	5.995493e+01 	-5243900000000000 	-1624247102281239 	1.948400e+42 	7.581652e+42 	3.248900e-04 	2.251127e+00 	1.467618e+00 	8.386813e-02 	1.596080e-01 	11171943252074320 	9918903406917168 	3809656682247746 	4039228485015305 	4675003406917168 	5.514088e+14 
132 	1.439056e+01 	5.074140e+01 	4.426516e+00 	2.858876e+01 	6.001177e+01 	-6191500000000000 	-3502646175906546 	2.096500e+42 	7.574807e+42 	3.517400e-04 	2.252673e+00 	1.468198e+00 	8.432982e-02 	1.598113e-01 	11147436512220608 	9891149832061112 	3139141885136778 	3.375523e+15 	3699649832061112 	5.806817e+14 
133 	1.439917e+01 	5.073542e+01 	4.422837e+00 	2.902800e+01 	6.006875e+01 	-6028900000000000 	-2824836970314112 	1.794300e+42 	8.100712e+42 	3.516400e-04 	2.255346e+00 	1.468672e+00 	8.514018e-02 	1.600114e-01 	11122932618017128 	9863399479868184 	3253893716035629 	3468461744266065 	3834499479868184 	5.803644e+14 
134 	1.440778e+01 	5.072948e+01 	4.419284e+00 	2.966470e+01 	6.012589e+01 	-4378600000000000 	-9.242186e+14 	2.097500e+42 	7.097331e+42 	3.336800e-04 	2.258912e+00 	1.469147e+00 	8.619229e-02 	1.602121e-01 	11098428723813648 	9835649127675256 	4379783594620268 	4573964889940820 	5457049127675256 	5.641000e+14 
135 	1.441639e+01 	5.072307e+01 	4.415427e+00 	2.972046e+01 	6.018489e+01 	-5143600000000000 	-2979178773524572 	2.076500e+42 	8.375753e+42 	3.394300e-04 	2.259879e+00 	1.469638e+00 	8.654486e-02 	1.604194e-01 	11073924829610168 	9807898775482328 	3873360163732351 	4.035227e+15 	4664298775482328 	568839015932352 
136 	1.442500e+01 	5.071525e+01 	4.412742e+00 	3.842374e+01 	6.024111e+01 	-5219400000000000 	-4139895876871709 	1.913100e+42 	9.166184e+42 	3.277100e-04 	2.323265e+00 	1.470106e+00 	1.036657e-01 	1.606168e-01 	11049420935406688 	9780148423289400 	3.801469e+15 	3.965715e+15 	4560748423289400 	5.592984e+14 
137 	1.443361e+01 	5.070701e+01 	4.412488e+00 	4.970172e+01 	6.029924e+01 	-6572200000000000 	-4283015987248989 	2.042600e+42 	9.403740e+42 	3.453700e-04 	2.406075e+00 	1.470590e+00 	1.260070e-01 	1.608209e-01 	11024917041203208 	9752398071096472 	2878038022867109 	3.027845e+15 	3180198071096472 	5.877529e+14 
138 	1.444222e+01 	5.069997e+01 	4.412554e+00 	5.129202e+01 	6.035827e+01 	-5929400000000000 	-3380337511081536 	2.161500e+42 	9.505776e+42 	3.176000e-04 	2.418207e+00 	1.471081e+00 	1.293594e-01 	1.610282e-01 	11000413146999728 	9724647718903552 	3276215276455637 	3.447134e+15 	3795247718903552 	5.558785e+14 
139 	1.445083e+01 	5.069299e+01 	4.413144e+00 	5.414886e+01 	6.041748e+01 	-6694400000000000 	-3944810823516589 	1.805000e+42 	9.896969e+42 	3.288400e-04 	2.439523e+00 	1.471573e+00 	1.351798e-01 	1.612362e-01 	10975909252796248 	9696897366710624 	2762478337483704 	2909477164680685 	3002497366710624 	5.773296e+14 
140 	1.445944e+01 	5.068696e+01 	4.410483e+00 	3.557744e+01 	6.047537e+01 	-5508000000000000 	-3983660263937766 	2.070100e+42 	9.104280e+42 	3.577400e-04 	2.305166e+00 	1.472055e+00 	9.917016e-02 	1.614395e-01 	10951405358592768 	9669147014517696 	3.587379e+15 	3697827212921522 	4161147014517696 	5.895696e+14 
141 	1.446806e+01 	5.068288e+01 	4.402174e+00 	8.801560e-01 	6.053254e+01 	-5825900000000000 	-4115818478125128 	2.169000e+42 	8.332545e+42 	3.626700e-04 	2.133772e+00 	1.472531e+00 	5.301859e-02 	1.616403e-01 	10926898618739048 	9641393439661632 	3367048620539769 	3.464103e+15 	3815493439661632 	5.964796e+14 
142 	1.447667e+01 	5.067805e+01 	4.397010e+00 	1.733949e+01 	6.059143e+01 	-6342600000000000 	-5372413396243033 	2.281100e+42 	7.872661e+42 	3.484000e-04 	2.208852e+00 	1.473021e+00 	7.339153e-02 	1.618471e-01 	10902394724535568 	9613643087468704 	3.006680e+15 	3095540159051984 	3271043087468704 	5.905156e+14 
143 	1.448528e+01 	5.067168e+01 	4.391268e+00 	2.185159e+01 	6.064948e+01 	-5323700000000000 	-3524387364682917 	2.527100e+42 	7.565230e+42 	3.540700e-04 	2.229942e+00 	1.473504e+00 	7.917863e-02 	1.620510e-01 	10877890830332096 	9585892735275784 	3705231591581862 	3769376939549738 	4262192735275784 	5.869349e+14 
144 	1.449389e+01 	5.066529e+01 	4.384761e+00 	1.887138e+01 	6.070558e+01 	-3798100000000000 	-3601486238551792 	2.376300e+42 	7.871775e+42 	3.431200e-04 	2.217146e+00 	1.473970e+00 	7.580936e-02 	1.622480e-01 	10853386936128616 	9558142383082856 	4757881038534481 	4786586524001026 	5760042383082856 	582551488224700 
145 	1.450250e+01 	5.066087e+01 	4.375033e+00 	2.506237e+00 	6.076301e+01 	-5472100000000000 	-3520897806619047 	2.551600e+42 	8.176436e+42 	3.420300e-04 	2.143849e+00 	1.474448e+00 	5.610100e-02 	1.624497e-01 	10828883041925136 	9530392030889928 	3.758213e+15 	3633076350173738 	4058292030889928 	5.827975e+14 
146 	1.451111e+01 	5.065956e+01 	4.363394e+00 	2.802691e+01 	6.082040e+01 	-5074400000000000 	-1.380454e+15 	2.653800e+42 	8.456760e+42 	3.466400e-04 	2.259922e+00 	1.474926e+00 	8.754162e-02 	1.626512e-01 	10804379147721656 	9502641678697000 	4032183133439915 	3.884927e+15 	4428241678697000 	5.847720e+14 
147 	1.451972e+01 	5.065978e+01 	4.352643e+00 	3.976571e+01 	6.087882e+01 	-5451700000000000 	-2.451789e+15 	2.364700e+42 	8.707628e+42 	3.350100e-04 	2.339937e+00 	1.475412e+00 	1.091458e-01 	1.628564e-01 	10779875253518176 	9474891326504072 	3.737813e+15 	3.611314e+15 	4023191326504072 	573546630846416 
148 	1.452833e+01 	5.065998e+01 	4.341260e+00 	3.942423e+01 	6.093941e+01 	-5817400000000000 	-3688506413535350 	2.795200e+42 	7.958295e+42 	3.530700e-04 	2.338133e+00 	1.475916e+00 	1.087560e-01 	1.630692e-01 	10755371359314696 	9447140974311144 	3.449257e+15 	3345699778762288 	3629740974311144 	5.890308e+14 
149 	1.453694e+01 	5.066015e+01 	4.330621e+00 	3.909678e+01 	6.099798e+01 	-6018600000000000 	-4880552364290052 	2.978700e+42 	7.791844e+42 	3.369200e-04 	2.336413e+00 	1.476403e+00 	1.083857e-01 	1.632749e-01 	10730867465111216 	9419390622118216 	3294889348412880 	3191721298523652 	3400790622118216 	5.771948e+14 
150 	1.454556e+01 	5.066023e+01 	4.326109e+00 	3.925853e+01 	6.106078e+01 	-6289100000000000 	-3635489322834992 	2.584000e+42 	8.009581e+42 	3.397200e-04 	2.338258e+00 	1.476926e+00 	1.089801e-01 	1.634955e-01 	10706360725257504 	9391637047262168 	3.113714e+15 	2.990848e+15 	3102537047262168 	5.851295e+14 
151 	1.455417e+01 	5.066050e+01 	4.318790e+00 	4.084789e+01 	6.112170e+01 	-6179100000000000 	-1.932726e+15 	2.597900e+42 	1.114720e+43 	3.441100e-04 	2.350323e+00 	1.477433e+00 	1.123175e-01 	1.637094e-01 	10681856831054024 	9363886695069240 	3167186827322201 	3.047690e+15 	3184786695069240 	5.881978e+14 
152 	1.456278e+01 	5.066371e+01 	4.312034e+00 	7.417220e+01 	6.118660e+01 	-6516800000000000 	-2582056738114318 	2.043900e+42 	1.568260e+43 	3.635900e-04 	2.839384e+00 	1.477973e+00 	2.543754e-01 	1.639373e-01 	10657352936850544 	9336136342876312 	2.903705e+15 	2.801509e+15 	2819336342876312 	6.101086e+14 
153 	1.457139e+01 	5.067029e+01 	4.311212e+00 	1.226813e+02 	6.125573e+01 	-7728000000000000 	-3.128699e+15 	2.871700e+42 	1.576934e+43 	3.683500e-04 	2.783407e+00 	1.478548e+00 	2.337119e-01 	1.641801e-01 	10632849042647064 	9308385990683384 	2.018023e+15 	1.964664e+15 	1580385990683384 	6.393425e+14 
154 	1.458000e+01 	5.067726e+01 	4.309493e+00 	1.182126e+02 	6.132308e+01 	-6767500000000000 	-2959648453340210 	3.120400e+42 	1.556908e+43 	3.514000e-04 	2.810791e+00 	1.479108e+00 	2.418005e-01 	1.644167e-01 	10608345148443584 	9280635638490456 	2.604714e+15 	2.596731e+15 	2513135638490456 	6.011947e+14 
155 	1.458861e+01 	5.068366e+01 	4.306002e+00 	1.078984e+02 	6.139017e+01 	-7119500000000000 	-3.263030e+15 	2.997900e+42 	1.434819e+43 	3.461000e-04 	2.963090e+00 	1.479666e+00 	2.889399e-01 	1.646523e-01 	10583841254240104 	9252885286297528 	2302299222061526 	2341299218650425 	2133385286297528 	6.020176e+14 
156 	1.459722e+01 	5.068927e+01 	4.301305e+00 	9.890190e+01 	6.145685e+01 	-5372800000000000 	-1045267274556407 	2.665900e+42 	1.227929e+43 	3.388100e-04 	3.095015e+00 	1.480221e+00 	3.298063e-01 	1.648865e-01 	10559337360036624 	9225134934104600 	3456663778676345 	3.503894e+15 	3852334934104600 	5.681923e+14 
157 	1.460583e+01 	5.069371e+01 	4.295041e+00 	8.499201e+01 	6.152293e+01 	-6014800000000000 	-2.658602e+15 	2.700900e+42 	1.094203e+43 	3.317000e-04 	3.102227e+00 	1.480771e+00 	3.334013e-01 	1.651185e-01 	10534833465833144 	9197384581911672 	2.991016e+15 	3.052487e+15 	3182584581911672 	5.685680e+14 
158 	1.461444e+01 	5.069674e+01 	4.287809e+00 	7.009050e+01 	6.158613e+01 	-6083900000000000 	-4164748798997350 	2.707400e+42 	1.027019e+43 	3.342700e-04 	2.737665e+00 	1.481297e+00 	2.245489e-01 	1.653405e-01 	10510329571629664 	9169634229718744 	2922937016014282 	2.988213e+15 	3085734229718744 	5.714434e+14 
159 	1.462306e+01 	5.069965e+01 	4.279399e+00 	6.508864e+01 	6.164934e+01 	-5997400000000000 	-1.636703e+15 	3.017100e+42 	1.183832e+43 	3.443200e-04 	2.615830e+00 	1.481823e+00 	1.882256e-01 	1.655625e-01 	10485822831775944 	9141880654862688 	3.003229e+15 	3028988090217368 	3144480654862688 	5.799045e+14 
160 	1.463167e+01 	5.070461e+01 	4.271722e+00 	8.194667e+01 	6.171386e+01 	-6433100000000000 	-1.679213e+15 	3.163900e+42 	1.465308e+43 	3.266600e-04 	3.025322e+00 	1.482359e+00 	3.107041e-01 	1.657891e-01 	10461318937572464 	9114130302669760 	2698766618832767 	2717437644230151 	2681030302669760 	5.727797e+14 
161 	1.464028e+01 	5.071084e+01 	4.267283e+00 	1.020021e+02 	6.178133e+01 	-4911800000000000 	-4.155170e+14 	2.875100e+42 	1.575074e+43 	3.429900e-04 	3.045560e+00 	1.482921e+00 	3.150256e-01 	1.660260e-01 	10436815043368984 	9086379950476832 	3.687971e+15 	3.725766e+15 	4174579950476832 	5.674779e+14 
162 	1.464889e+01 	5.071769e+01 	4.266527e+00 	1.221410e+02 	6.185137e+01 	-5633100000000000 	-3.334241e+14 	3.364600e+42 	1.531835e+43 	3.566800e-04 	2.783895e+00 	1.483503e+00 	2.345134e-01 	1.662720e-01 	10412311149165504 	9058629598283904 	3.182414e+15 	3221570673249650 	3425529598283904 	5.823165e+14 
163 	1.465750e+01 	5.072478e+01 	4.269171e+00 	1.392872e+02 	6.192164e+01 	-5373500000000000 	1.953831e+15 	2.966200e+42 	1.277891e+43 	3.512600e-04 	2.776170e+00 	1.484088e+00 	2.351257e-01 	1.665188e-01 	10387807254962032 	9030879246090976 	3356516862222590 	3.378713e+15 	3657379246090976 	5.740695e+14 
164 	1.466611e+01 	5.073293e+01 	4.271314e+00 	1.353512e+02 	6.199475e+01 	-5737000000000000 	3.765440e+15 	3.413100e+42 	1.436647e+43 	3.548600e-04 	2.777787e+00 	1.484696e+00 	2.350488e-01 	1.667755e-01 	10363303360758552 	9003128893898048 	3141607814584600 	3.115993e+15 	3266128893898048 	5.805478e+14 
165 	1.467472e+01 	5.074095e+01 	4.274240e+00 	1.387602e+02 	6.206786e+01 	-3717800000000000 	3412536390829052 	3.706100e+42 	1.558960e+43 	3.417300e-04 	2.775973e+00 	1.485305e+00 	2.351595e-01 	1.670323e-01 	10338799466555072 	8975378541705128 	4514068608981132 	4457671215808221 	5257578541705128 	567115502833541 
166 	1.468333e+01 	5.074762e+01 	4.281552e+00 	1.603595e+02 	6.214027e+01 	-5724000000000000 	1.694302e+15 	3.571800e+42 	1.588294e+43 	3.182900e-04 	2.761540e+00 	1.485907e+00 	2.339057e-01 	1.672866e-01 	10314295572351592 	8947628189512200 	3.117938e+15 	3089221215736737 	3223628189512200 	546840281304882 
167 	1.469194e+01 	5.075514e+01 	4.286962e+00 	1.499920e+02 	6.221540e+01 	-4379400000000000 	3.142424e+15 	4.246900e+42 	1.702184e+43 	3.244500e-04 	2.769752e+00 	1.486532e+00 	2.353326e-01 	1.675505e-01 	10289791678148112 	8919877837319272 	4.017660e+15 	3975959573117366 	4540477837319272 	5.445619e+14 
168 	1.470056e+01 	5.076360e+01 	4.291018e+00 	1.422609e+02 	6.228902e+01 	-3513300000000000 	1.205959e+15 	5.214200e+42 	1.632581e+43 	3.365300e-04 	2.773459e+00 	1.487145e+00 	2.352561e-01 	1.678090e-01 	10265284938294392 	8892124262463216 	4598895251254312 	4540234220113513 	5378824262463216 	5.604908e+14 
169 	1.470917e+01 	5.077189e+01 	4.296519e+00 	1.480020e+02 	6.236262e+01 	-4579200000000000 	5.548935e+14 	4.177300e+42 	1.634528e+43 	3.377900e-04 	2.770051e+00 	1.487757e+00 	2.352728e-01 	1.680675e-01 	10240781044090912 	8864373910270288 	3.873210e+15 	3805447386136972 	4285173910270288 	5.542201e+14 
170 	1.471778e+01 	5.077933e+01 	4.301479e+00 	1.479922e+02 	6.243581e+01 	-5730400000000000 	-8.544816e+14 	3.951500e+42 	1.628303e+43 	2.984000e-04 	2.769696e+00 	1.488366e+00 	2.352539e-01 	1.683246e-01 	10216277149887440 	8836623558077360 	3090986157313592 	3013961137908259 	3106223558077360 	5.272008e+14 
171 	1.472639e+01 	5.078652e+01 	4.304015e+00 	1.375743e+02 	6.250894e+01 	-5686800000000000 	-1.642484e+15 	4.620100e+42 	1.671473e+43 	3.109600e-04 	2.775345e+00 	1.488974e+00 	2.353184e-01 	1.685814e-01 	10191773255683960 	8808873205884432 	3132311978860719 	3.025555e+15 	3122073205884432 	5.379904e+14 
172 	1.473500e+01 	5.079200e+01 	4.305115e+00 	1.321184e+02 	6.257901e+01 	-5746300000000000 	-1.150691e+15 	4.060400e+42 	1.564573e+43 	2.930000e-04 	2.778383e+00 	1.489557e+00 	2.354158e-01 	1.688275e-01 	10167269361480480 	8781122853691504 	3.071404e+15 	2.967975e+15 	3034822853691504 	5.237895e+14 
173 	1.474361e+01 	5.079201e+01 	4.307468e+00 	1.458331e+02 	6.264822e+01 	-6057700000000000 	3.185028e+14 	3.460400e+42 	1.597545e+43 	3.076700e-04 	2.769959e+00 	1.490133e+00 	2.352359e-01 	1.690705e-01 	10142765467277000 	8753372501498576 	2861018966206714 	2741409699238415 	2695672501498576 	5.405093e+14 
174 	1.475222e+01 	5.079022e+01 	4.310210e+00 	9.927938e+01 	6.271433e+01 	-6196500000000000 	1.058352e+14 	3.594000e+42 	1.631000e+43 	3.092200e-04 	3.072230e+00 	1.490683e+00 	3.247706e-01 	1.693027e-01 	10118261573073520 	8725622149305648 	2761753048193534 	2630848454774587 	2529122149305648 	5.452124e+14 
175 	1.476083e+01 	5.078911e+01 	4.312940e+00 	1.128423e+02 	6.278311e+01 	-6515500000000000 	-9.508912e+14 	3.858800e+42 	1.498913e+43 	3.386900e-04 	2.884390e+00 	1.491255e+00 	2.665262e-01 	1.695443e-01 	10093757678870040 	8697871797112720 	2541192430930046 	2399493432416543 	2182371797112720 	5.754296e+14 
176 	1.476944e+01 	5.078796e+01 	4.315380e+00 	1.090549e+02 	6.285198e+01 	-6056600000000000 	-5.235178e+14 	4.281600e+42 	1.509034e+43 	3.207500e-04 	2.936114e+00 	1.491828e+00 	2.826944e-01 	1.697862e-01 	10069253784666560 	8670121444919792 	2851906822282961 	2689755476621388 	2613521444919792 	5.540650e+14 
177 	1.477806e+01 	5.078764e+01 	4.316330e+00 	1.173946e+02 	6.291924e+01 	-4454100000000000 	9.099593e+14 	8.991600e+42 	1.398331e+43 	3.367600e-04 	2.821542e+00 	1.492388e+00 	2.471770e-01 	1.700224e-01 	10044747044812848 	8642367870063744 	3916468133093791 	3.746108e+15 	4188267870063744 	5.557763e+14 
178 	1.478667e+01 	5.078608e+01 	4.317999e+00 	9.000872e+01 	6.298592e+01 	-4874000000000000 	1877383160646183 	5.038000e+42 	1.373390e+43 	3.735000e-04 	3.194927e+00 	1.492943e+00 	3.633616e-01 	1.702565e-01 	10020243150609368 	8614617517870816 	3622811125990076 	3.447046e+15 	3740617517870816 	5.881193e+14 
179 	1.479528e+01 	5.078539e+01 	4.318425e+00 	7.717037e+01 	6.305318e+01 	-2486400000000000 	2892759364385288 	7.443300e+42 	1.539328e+43 	3.381700e-04 	2.898428e+00 	1.493502e+00 	2.747239e-01 	1.704928e-01 	9995739256405888 	8586867165677888 	5229890925832415 	5028005958874083 	6100467165677888 	5.782623e+14 
180 	1.480389e+01 	5.078575e+01 	4.320487e+00 	1.616584e+02 	6.312332e+01 	-1460700000000000 	2.003197e+15 	8.955700e+42 	1.676971e+43 	3.377100e-04 	2.756695e+00 	1.494086e+00 	2.336735e-01 	1.707391e-01 	9971235362202408 	8559116813484960 	5936921428279077 	5696148233363136 	7098416813484960 	6.047059e+14 
181 	1.481250e+01 	5.078672e+01 	4.325089e+00 	1.646067e+02 	6.319389e+01 	-1551900000000000 	1.773953e+15 	8.387200e+42 	1.628922e+43 	3.490700e-04 	2.754380e+00 	1.494673e+00 	2.333452e-01 	1.709870e-01 	9946731467998928 	8531366461292032 	5874593027823524 	5616499663947869 	6979466461292032 	6.111092e+14 
182 	1.482111e+01 	5.078753e+01 	4.329090e+00 	1.642637e+02 	6.326449e+01 	-2462400000000000 	2.628239e+15 	6.154200e+42 	1.611704e+43 	3.657400e-04 	2.754371e+00 	1.495261e+00 	2.333848e-01 	1.712349e-01 	9922227573795448 	8503616109099104 	5249709107356652 	4988981823872559 	6041216109099104 	6.021630e+14 
183 	1.482972e+01 	5.078763e+01 	4.329583e+00 	1.635281e+02 	6.333259e+01 	-3567800000000000 	2.090379e+15 	5.223900e+42 	1.627935e+43 	3.447700e-04 	2.754630e+00 	1.495827e+00 	2.334645e-01 	1.714740e-01 	9897723679591968 	8475865756906176 	4501711173943324 	4.231721e+15 	4908065756906176 	5.683300e+14 
184 	1.483833e+01 	5.078758e+01 	4.329586e+00 	5.926265e+01 	6.340070e+01 	-3336400000000000 	3.480656e+15 	5.489200e+42 	1.590029e+43 	3.410200e-04 	2.501014e+00 	1.496394e+00 	1.563911e-01 	1.717133e-01 	9873219785388488 	8448115404713248 	4640533644939130 	4.368382e+15 	5111715404713248 	5.670990e+14 
185 	1.484694e+01 	5.078763e+01 	4.329762e+00 	1.690596e+02 	6.346897e+01 	-4067700000000000 	4583118180938345 	5.416800e+42 	1.602825e+43 	3.397400e-04 	2.750502e+00 	1.496962e+00 	2.328997e-01 	1.719530e-01 	9848715891185008 	8420365052520320 	4146149340659473 	3.861833e+15 	4352665052520320 	5.599016e+14 
186 	1.485556e+01 	5.078882e+01 	4.333706e+00 	1.724648e+02 	6.354016e+01 	-2301600000000000 	4.410863e+15 	4.786900e+42 	1.633498e+43 	3.403000e-04 	2.748089e+00 	1.497554e+00 	2.325703e-01 	1.722030e-01 	9824209151331288 	8392611477664264 	5334436661991116 	5023263596691074 	6091011477664264 	5.838730e+14 
187 	1.486417e+01 	5.078936e+01 	4.336015e+00 	1.673516e+02 	6.360889e+01 	-1740900000000000 	5289644754849401 	4.435200e+42 	1.611236e+43 	3.073300e-04 	2.751194e+00 	1.498126e+00 	2.330902e-01 	1.724444e-01 	9799705257127808 	8364861125471336 	5736442253441069 	5379257569456352 	6623961125471336 	5.740502e+14 
188 	1.487278e+01 	5.078975e+01 	4.337625e+00 	1.678621e+02 	6.367983e+01 	-718740000000000 	4.479319e+15 	4.085400e+42 	1.629836e+43 	3.318600e-04 	2.750653e+00 	1.498716e+00 	2.330492e-01 	1.726936e-01 	9775201362924328 	8337110773278408 	6418641993337341 	6042812741590722 	7618370773278408 	6.245636e+14 
189 	1.488139e+01 	5.079011e+01 	4.340118e+00 	1.601879e+02 	6.374865e+01 	-1627100000000000 	6868389569779049 	3.831700e+42 	1.696584e+43 	3.510100e-04 	2.755214e+00 	1.499289e+00 	2.337804e-01 	1.729353e-01 	9750697468720848 	8309360421085480 	5815284109076261 	5418300788471665 	6682260421085480 	6.118441e+14 
190 	1.489000e+01 	5.079163e+01 	4.342896e+00 	1.718546e+02 	6.382040e+01 	-3325900000000000 	5387069829873744 	4.500400e+42 	1.607326e+43 	3.204500e-04 	2.747784e+00 	1.499886e+00 	2.326998e-01 	1.731872e-01 	9726193574517368 	8281610068892552 	4676319093913978 	4.267187e+15 	4955710068892552 	5.556005e+14 
191 	1.489861e+01 	5.079279e+01 	4.346788e+00 	1.728005e+02 	6.389205e+01 	-4153900000000000 	2.899286e+15 	3.877700e+42 	1.623900e+43 	3.078700e-04 	2.747035e+00 	1.500482e+00 	2.326321e-01 	1.734389e-01 	9701689680313888 	8253859716699624 	4.143837e+15 	3.697339e+15 	4099959716699624 	5.424490e+14 
192 	1.490722e+01 	5.079267e+01 	4.347955e+00 	1.382162e+02 	6.396089e+01 	-3318200000000000 	3.087572e+15 	3.860200e+42 	1.690007e+43 	3.125500e-04 	2.770823e+00 	1.501055e+00 	2.358560e-01 	1.736806e-01 	9677185786110408 	8226109364506696 	4706876290406069 	4.236345e+15 	4907909364506696 	5.525866e+14 
193 	1.491583e+01 	5.079255e+01 	4.348271e+00 	1.178995e+02 	6.402983e+01 	-3981900000000000 	3.222237e+15 	3.903200e+42 	1.685327e+43 	3.432800e-04 	2.814077e+00 	1.501628e+00 	2.462789e-01 	1.739227e-01 	9652681891906936 	8198359012313776 	4284554753663754 	3.776422e+15 	4216459012313776 	5.754580e+14 
194 	1.492444e+01 	5.079250e+01 	4.348433e+00 	1.220339e+02 	6.409889e+01 	-5570900000000000 	2133197355596753 	3.925100e+42 	1.740572e+43 	3.714900e-04 	2.785201e+00 	1.502203e+00 	2.376982e-01 	1.741653e-01 	9628177997703456 	8170608660120848 	3.241594e+15 	2.700886e+15 	2599708660120848 	6.090004e+14 
195 	1.493306e+01 	5.079244e+01 	4.348670e+00 	1.245277e+02 	6.416803e+01 	-4984600000000000 	2104801507846946 	4.273300e+42 	1.715732e+43 	3.329700e-04 	2.782927e+00 	1.502778e+00 	2.375092e-01 	1.744081e-01 	9603671257849736 	8142855085264792 	3694120197862068 	3.073688e+15 	3158255085264792 	5.751698e+14 
196 	1.494167e+01 	5.079240e+01 	4.348815e+00 	1.235684e+02 	6.423952e+01 	-4931000000000000 	9.545466e+14 	3.908800e+42 	1.716848e+43 	3.322600e-04 	2.783833e+00 	1.503373e+00 	2.377140e-01 	1.746592e-01 	9579167363646256 	8115104733071864 	3736861977442615 	3.091826e+15 	3184104733071864 	5.756336e+14 
197 	1.495028e+01 	5.079232e+01 	4.349022e+00 	1.180291e+02 	6.430884e+01 	-3413700000000000 	-5.476337e+14 	4.131100e+42 	1.687310e+43 	3.691100e-04 	2.812293e+00 	1.503950e+00 	2.460783e-01 	1.749027e-01 	9554663469442776 	8087354380878936 	4729546526180556 	4.083224e+15 	4673654380878936 	6.060298e+14 
198 	1.495889e+01 	5.079230e+01 	4.349101e+00 	1.311894e+02 	6.437829e+01 	-3670600000000000 	5.096073e+14 	4.373800e+42 	1.734793e+43 	3.746500e-04 	2.776459e+00 	1.504527e+00 	2.369164e-01 	1.751466e-01 	9530159575239304 	8059604028686008 	4557099817778221 	3894618081642428 	4389004028686008 	6.095287e+14 
199 	1.496750e+01 	5.079222e+01 	4.349360e+00 	1.203580e+02 	6.444779e+01 	-2259200000000000 	1648705326578031 	4.456600e+42 	1.760452e+43 	3.627500e-04 	2.787050e+00 	1.505106e+00 	2.384164e-01 	1.753906e-01 	9505655681035824 	8031853676493080 	5505205037729868 	4814582776940820 	5772653676493080 	6.180827e+14 
200 	1.497611e+01 	5.079196e+01 	4.350366e+00 	1.266730e+02 	6.451730e+01 	-1635500000000000 	8353344046842505 	5.601500e+42 	1.629000e+43 	7.055700e-04 	2.780790e+00 	1.505684e+00 	2.376532e-01 	1.756347e-01 	9481151786832344 	8004103324300152 	5946116394265558 	5210689793061034 	6368603324300152 	9.514525e+14 
201 	1.498472e+01 	5.079192e+01 	4.350699e+00 	1.384570e+02 	6.458700e+01 	-1425000000000000 	6300446675916456 	4.728300e+42 	1.625900e+43 	4.788300e-04 	2.768788e+00 	1.506264e+00 	2.360559e-01 	1.758796e-01 	9456647892628864 	7976352972107224 	6081537018897854 	5332165286221051 	6551352972107224 	7.368903e+14 
202 	1.499333e+01 	5.079196e+01 	4.351376e+00 	1.534176e+02 	6.465684e+01 	-1079000000000000 	4247549304990407 	7.022700e+42 	1.622800e+43 	3.172500e-04 	2.754967e+00 	1.506845e+00 	2.341557e-01 	1.761248e-01 	9432143998425384 	7948602619914296 	6278152455464557 	5543466409852667 	6869602619914296 	6.132537e+14 
203 	1.500194e+01 	5.079195e+01 	4.351477e+00 	1.421367e+02 	6.472674e+01 	-687180000000000 	2.200795e+15 	9.993600e+42 	1.606114e+43 	3.479900e-04 	2.764534e+00 	1.507426e+00 	2.355496e-01 	1.763703e-01 	9407640104221904 	7920852267721376 	6533578910534530 	5784998726523279 	7233672267721376 	6.477306e+14 
204 	1.501056e+01 	5.079236e+01 	4.352196e+00 	1.687469e+02 	6.479694e+01 	-3165900000000000 	2.874646e+14 	5.975900e+42 	1.407881e+43 	3.539900e-04 	2.746848e+00 	1.508011e+00 	2.331364e-01 	1.766169e-01 	9383133364368184 	7893098692865320 	4860377866138750 	4.122805e+15 	4727198692865320 	602172623654033 
205 	1.501917e+01 	5.079438e+01 	4.350131e+00 	8.797335e+01 	6.486806e+01 	-2197700000000000 	-724388871186446 	4.708100e+42 	1.436052e+43 	3.443600e-04 	3.113709e+00 	1.508602e+00 	3.419526e-01 	1.768666e-01 	9358629470164704 	7865348340672392 	5495170171602611 	4746731343179420 	5667648340672392 	6.079469e+14 
206 	1.502778e+01 	5.079518e+01 	4.349350e+00 	8.892955e+01 	6.493863e+01 	-3073800000000000 	1.923075e+15 	6.379200e+42 	1.444208e+43 	3.266800e-04 	3.132716e+00 	1.509189e+00 	3.477638e-01 	1.771145e-01 	9334125575961224 	7837597988479464 	4907674431335202 	4148137872803925 	4763797988479464 	5.845761e+14 
207 	1.503639e+01 	5.079538e+01 	4.349667e+00 	1.653292e+02 	6.500898e+01 	-2667200000000000 	3515548878243545 	7.788300e+42 	1.672730e+43 	3.449600e-04 	2.747794e+00 	1.509775e+00 	2.333664e-01 	1.773615e-01 	9309621681757744 	7809847636286536 	5189596040625521 	4399611210290226 	5142647636286536 	604693563799384 
208 	1.504500e+01 	5.079456e+01 	4.354405e+00 	1.340980e+02 	6.508116e+01 	-2659800000000000 	3.679509e+15 	7.087100e+42 	1.596720e+43 	3.749700e-04 	2.772234e+00 	1.510375e+00 	2.369917e-01 	1.776150e-01 	9285117787554272 	7782097284093608 	5210908352271428 	4386537475575332 	5122297284093608 	6.312185e+14 
209 	1.505361e+01 	5.079456e+01 	4.356786e+00 	1.496662e+02 	6.515159e+01 	-3814200000000000 	3.694114e+15 	5.511600e+42 	1.582738e+43 	3.227600e-04 	2.754418e+00 	1.510961e+00 	2.342560e-01 	1.778624e-01 	9260613893350792 	7754346931900680 	4.473332e+15 	3604602037119512 	3940146931900680 	5.878846e+14 
210 	1.506222e+01 	5.079469e+01 	4.358017e+00 	1.595236e+02 	6.522444e+01 	-2410200000000000 	4139499705283955 	5.419000e+42 	1.589240e+43 	3.775300e-04 	2.749563e+00 	1.511567e+00 	2.336775e-01 	1.781182e-01 	9236109999147312 	7726596579707752 	5386484247544639 	4515782833234167 	5316396579707752 	639785062910520 
211 	1.507083e+01 	5.079615e+01 	4.357021e+00 	9.671554e+01 	6.529577e+01 	-2199000000000000 	1.063396e+15 	4.933900e+42 	1.629195e+43 	4.097400e-04 	3.067624e+00 	1.512161e+00 	3.276316e-01 	1.783688e-01 	9211606104943832 	7698846227514824 	5518847408561125 	4637473712790767 	5499846227514824 	6.700606e+14 
